4 7 5 7 4 10
 1 -1 -1 -1  1
-1  1  1  1 -1
-1  1  1  1 -1
-1  1  1  1 -1
-1  1  1  1 -1
-1  1  1  1 -1
 1 -1 -1 -1  1

 1  1 -1 -1
 1 -1  1 -1
-1  1  1 -1
-1  1  1 -1
-1 -1 -1 -1
-1  1  1 -1
-1  1  1 -1

 1  1 -1  1  1
 1 -1 -1  1  1
 1  1 -1  1  1
 1  1 -1  1  1
 1  1 -1  1  1
 1  1 -1  1  1
 1 -1 -1 -1  1

-1 -1 -1  1
-1  1 -1 -1
-1  1  1 -1
-1 -1 -1  1
-1  1  1 -1
-1  1  1 -1
-1 -1 -1  1

 1 -1 -1 -1  1
-1  1  1  1 -1
 1  1  1  1 -1
 1  1  1 -1  1
 1  1 -1  1  1
 1 -1  1  1  1
-1 -1 -1 -1 -1

-1 -1 -1 -1
-1  1  1  1
-1  1  1  1
-1 -1 -1  1
-1  1  1  1
-1  1  1  1
-1 -1 -1 -1

 1  1  1 -1  1
 1  1 -1 -1  1
 1 -1  1 -1  1
-1  1  1 -1  1
-1 -1 -1 -1 -1
 1  1  1 -1  1
 1  1  1 -1  1

 1 -1 -1  1
-1 -1  1 -1
-1  1  1  1
-1  1  1  1
-1  1  1  1
-1 -1  1 -1
 1 -1 -1 -1

-1 -1 -1 -1 -1
 1  1  1 -1  1
 1  1 -1  1  1
 1  1  1 -1  1
 1  1  1  1 -1
-1  1  1  1 -1
 1 -1 -1 -1  1

-1 -1 -1  1
-1  1  1 -1
-1  1  1 -1
-1  1  1 -1
-1  1  1 -1
-1  1  1 -1
-1 -1 -1  1